0.0444	0.1417	0.0169	0.0250	0.2000
0.0667	0.1250	0.0102	0.0083	0.2000
0.0444	0.1417	0.0169	0.0250	0.2000
0.0444	0.1500	0.0305	0.0250	0.2000
0.0444	0.1417	0.0169	0.0250	0.2000
0.0500	0.0583	0.0983	0.1083	0.2000
0.0444	0.1417	0.0169	0.0250	0.2000
0.1000	0.0750	0.1254	0.1083	0.2000
0.0444	0.1417	0.0169	0.0250	0.2000
0.0944	0.0583	0.1390	0.1250	0.2000
0.0444	0.1417	0.0169	0.0250	0.2000
0.0667	0.0417	0.1017	0.1000	0.2000
0.0444	0.1417	0.0169	0.0250	0.2000
0.1222	0.1000	0.1390	0.1583	0.2000
0.0444	0.1417	0.0169	0.0250	0.2000
0.1167	0.0667	0.1559	0.1667	0.2000
0.0444	0.1417	0.0169	0.0250	0.2000
0.1111	0.0667	0.1390	0.1167	0.2000
0.0667	0.1250	0.0102	0.0083	0.2000
0.0444	0.1500	0.0305	0.0250	0.2000
0.0667	0.1250	0.0102	0.0083	0.2000
0.0500	0.0583	0.0983	0.1083	0.2000
0.0667	0.1250	0.0102	0.0083	0.2000
0.1000	0.0750	0.1254	0.1083	0.2000
0.0667	0.1250	0.0102	0.0083	0.2000
0.0944	0.0583	0.1390	0.1250	0.2000
0.0667	0.1250	0.0102	0.0083	0.2000
0.0667	0.0417	0.1017	0.1000	0.2000
0.0667	0.1250	0.0102	0.0083	0.2000
0.1222	0.1000	0.1390	0.1583	0.2000
0.0667	0.1250	0.0102	0.0083	0.2000
0.1167	0.0667	0.1559	0.1667	0.2000
0.0667	0.1250	0.0102	0.0083	0.2000
0.1111	0.0667	0.1390	0.1167	0.2000
0.0444	0.1500	0.0305	0.0250	0.2000
0.0500	0.0583	0.0983	0.1083	0.2000
0.0444	0.1500	0.0305	0.0250	0.2000
0.1000	0.0750	0.1254	0.1083	0.2000
0.0444	0.1500	0.0305	0.0250	0.2000
0.0944	0.0583	0.1390	0.1250	0.2000
0.0444	0.1500	0.0305	0.0250	0.2000
0.0667	0.0417	0.1017	0.1000	0.2000
0.0444	0.1500	0.0305	0.0250	0.2000
0.1222	0.1000	0.1390	0.1583	0.2000
0.0444	0.1500	0.0305	0.0250	0.2000
0.1167	0.0667	0.1559	0.1667	0.2000
0.0444	0.1500	0.0305	0.0250	0.2000
0.1111	0.0667	0.1390	0.1167	0.2000
0.0500	0.0583	0.0983	0.1083	0.2000
0.1000	0.0750	0.1254	0.1083	0.2000
0.0500	0.0583	0.0983	0.1083	0.2000
0.0944	0.0583	0.1390	0.1250	0.2000
0.0500	0.0583	0.0983	0.1083	0.2000
0.0667	0.0417	0.1017	0.1000	0.2000
0.0500	0.0583	0.0983	0.1083	0.2000
0.1222	0.1000	0.1390	0.1583	0.2000
0.0500	0.0583	0.0983	0.1083	0.2000
0.1167	0.0667	0.1559	0.1667	0.2000
0.0500	0.0583	0.0983	0.1083	0.2000
0.1111	0.0667	0.1390	0.1167	0.2000
0.1000	0.0750	0.1254	0.1083	0.2000
0.0944	0.0583	0.1390	0.1250	0.2000
0.1000	0.0750	0.1254	0.1083	0.2000
0.0667	0.0417	0.1017	0.1000	0.2000
0.1000	0.0750	0.1254	0.1083	0.2000
0.1222	0.1000	0.1390	0.1583	0.2000
0.1000	0.0750	0.1254	0.1083	0.2000
0.1167	0.0667	0.1559	0.1667	0.2000
0.1000	0.0750	0.1254	0.1083	0.2000
0.1111	0.0667	0.1390	0.1167	0.2000
0.0944	0.0583	0.1390	0.1250	0.2000
0.0667	0.0417	0.1017	0.1000	0.2000
0.0944	0.0583	0.1390	0.1250	0.2000
0.1222	0.1000	0.1390	0.1583	0.2000
0.0944	0.0583	0.1390	0.1250	0.2000
0.1167	0.0667	0.1559	0.1667	0.2000
0.0944	0.0583	0.1390	0.1250	0.2000
0.1111	0.0667	0.1390	0.1167	0.2000
0.0667	0.0417	0.1017	0.1000	0.2000
0.1222	0.1000	0.1390	0.1583	0.2000
0.0667	0.0417	0.1017	0.1000	0.2000
0.1167	0.0667	0.1559	0.1667	0.2000
0.0667	0.0417	0.1017	0.1000	0.2000
0.1111	0.0667	0.1390	0.1167	0.2000
0.1222	0.1000	0.1390	0.1583	0.2000
0.1167	0.0667	0.1559	0.1667	0.2000
0.1222	0.1000	0.1390	0.1583	0.2000
0.1111	0.0667	0.1390	0.1167	0.2000
0.1167	0.0667	0.1559	0.1667	0.2000
0.1111	0.0667	0.1390	0.1167	0.2000
0.0444	0.1417	0.0169	0.0250	0.2000
