0.200000	0.086822	0.200000	
0.197431	0.086594	0.200000	
0.194862	0.086366	0.200000	
0.192295	0.086140	0.200000	
0.189729	0.085915	0.200000	
0.187164	0.085690	0.200000	
0.184601	0.085468	0.200000	
0.182039	0.085246	0.200000	
0.179479	0.085025	0.200000	
0.176920	0.084806	0.200000	
0.174364	0.084588	0.200000	
0.171809	0.084371	0.200000	
0.169257	0.084155	0.200000	
0.166706	0.083940	0.200000	
0.164158	0.083727	0.200000	
0.161612	0.083515	0.200000	
0.159069	0.083304	0.200000	
0.156528	0.083094	0.200000	
0.153990	0.082886	0.200000	
0.151455	0.082679	0.200000	
0.148922	0.082473	0.200000	
0.146392	0.082268	0.200000	
0.143866	0.082065	0.200000	
0.141342	0.081863	0.200000	
0.138822	0.081663	0.200000	
0.136306	0.081463	0.200000	
0.133792	0.081265	0.200000	
0.131282	0.081069	0.200000	
0.128776	0.080873	0.200000	
0.126274	0.080679	0.200000	
0.123775	0.080487	0.200000	
0.121281	0.080295	0.200000	
0.118790	0.080105	0.200000	
0.116304	0.079917	0.200000	
0.113821	0.079730	0.200000	
0.111343	0.079544	0.200000	
0.108870	0.079360	0.200000	
0.106401	0.079177	0.200000	
0.103937	0.078995	0.200000	
0.101477	0.078815	0.200000	
0.099023	0.078636	0.200000	
0.096573	0.078459	0.200000	
0.094128	0.078283	0.200000	
0.091688	0.078109	0.200000	
0.089254	0.077936	0.200000	
0.086825	0.077765	0.200000	
0.084401	0.077595	0.200000	
0.081983	0.077426	0.200000	
0.079570	0.077259	0.200000	
0.077163	0.077094	0.200000	
0.074762	0.076930	0.200000	
0.072366	0.076767	0.200000	
0.069977	0.076606	0.200000	
0.067594	0.076447	0.200000	
0.065217	0.076289	0.200000	
0.062846	0.076132	0.200000	
0.060481	0.075977	0.200000	
0.058123	0.075824	0.200000	
0.055772	0.075672	0.200000	
0.053427	0.075522	0.200000	
0.051088	0.075373	0.200000	
0.048757	0.075226	0.200000	
0.045221	0.069765	0.200000	
0.040593	0.059262	0.200000	
0.035093	0.045066	0.200000	
0.029030	0.029369	0.200000	
0.022768	0.014855	0.200000	
0.016698	0.004270	0.200000	
0.011197	0.000000	0.200000	
0.006594	0.003689	0.200000	
0.003130	0.015985	0.200000	
0.000933	0.036419	0.200000	
0.000000	0.063442	0.200000	
0.000194	0.094587	0.200000	
0.001254	0.126734	0.200000	
0.002822	0.156450	0.200000	
0.004478	0.180364	0.200000	
0.005792	0.195569	0.200000	
0.006371	0.200000	0.200000	
0.005909	0.192758	0.200000	
