-1.73893 -1.73985 -1.72835 -1.70383 -1.66971 -1.63197 -1.59674 -1.56854 -1.54967 -1.54042 -1.53956 -1.54479 -1.55339 -1.56281 -1.57134 -1.57853 -1.58507 -1.59213 -1.60037 -1.60897 
-1.69398 -1.69483 -1.68372 -1.66006 -1.62712 -1.5907 -1.55673 -1.52956 -1.51143 -1.50259 -1.50182 -1.50689 -1.51513 -1.52406 -1.53203 -1.53862 -1.54454 -1.55098 -1.55861 -1.56668 
-1.64903 -1.64982 -1.6391 -1.61629 -1.58454 -1.54944 -1.51672 -1.49059 -1.4732 -1.46478 -1.46411 -1.46901 -1.47689 -1.48532 -1.49273 -1.49872 -1.50403 -1.50985 -1.51688 -1.52442 
-1.60409 -1.6048 -1.59449 -1.57253 -1.54197 -1.50819 -1.47673 -1.45164 -1.43499 -1.42698 -1.42641 -1.43115 -1.43867 -1.44661 -1.45346 -1.45886 -1.46356 -1.46875 -1.47518 -1.4822 
-1.55915 -1.5598 -1.54988 -1.52878 -1.49941 -1.46696 -1.43675 -1.4127 -1.39679 -1.38919 -1.38873 -1.39332 -1.40047 -1.40793 -1.41422 -1.41902 -1.42311 -1.42769 -1.43352 -1.44001 
-1.51422 -1.5148 -1.50529 -1.48504 -1.45687 -1.42574 -1.39678 -1.37378 -1.35861 -1.35143 -1.35107 -1.3555 -1.3623 -1.36927 -1.375 -1.37922 -1.38269 -1.38666 -1.39189 -1.39786 
-1.46929 -1.46982 -1.4607 -1.44132 -1.41433 -1.38453 -1.35684 -1.33488 -1.32045 -1.31369 -1.31344 -1.31771 -1.32415 -1.33064 -1.33581 -1.33944 -1.34231 -1.34567 -1.3503 -1.35576 
-1.42438 -1.42485 -1.41613 -1.39761 -1.37182 -1.34334 -1.31691 -1.296 -1.28232 -1.27597 -1.27583 -1.27994 -1.28603 -1.29204 -1.29666 -1.2997 -1.30197 -1.30471 -1.30875 -1.31369 
-1.37948 -1.37989 -1.37158 -1.35392 -1.32933 -1.30217 -1.27701 -1.25714 -1.2442 -1.23828 -1.23824 -1.2422 -1.24794 -1.25347 -1.25754 -1.25999 -1.26166 -1.2638 -1.26724 -1.27167 
-1.33459 -1.33495 -1.32704 -1.31025 -1.28685 -1.26103 -1.23712 -1.2183 -1.20611 -1.20061 -1.20068 -1.20449 -1.20988 -1.21493 -1.21845 -1.22032 -1.22139 -1.22292 -1.22578 -1.22969 
-1.28972 -1.29002 -1.28253 -1.2666 -1.2444 -1.2199 -1.19726 -1.17949 -1.16805 -1.16296 -1.16315 -1.16681 -1.17185 -1.17642 -1.1794 -1.18069 -1.18116 -1.18209 -1.18436 -1.18777 
-1.24487 -1.24512 -1.23803 -1.22297 -1.20197 -1.1788 -1.15742 -1.1407 -1.13001 -1.12535 -1.12565 -1.12916 -1.13386 -1.13795 -1.14038 -1.14109 -1.14097 -1.1413 -1.14299 -1.14588 
-1.20004 -1.20023 -1.19356 -1.17937 -1.15956 -1.13773 -1.11762 -1.10194 -1.092 -1.08776 -1.08818 -1.09154 -1.0959 -1.09952 -1.1014 -1.10154 -1.10083 -1.10055 -1.10166 -1.10405 
-1.15522 -1.15537 -1.14911 -1.13579 -1.11718 -1.09668 -1.07784 -1.06321 -1.05402 -1.05021 -1.05074 -1.05396 -1.05797 -1.06113 -1.06247 -1.06203 -1.06072 -1.05985 -1.06038 -1.06227 
-1.11044 -1.11054 -1.10469 -1.09224 -1.07483 -1.05567 -1.03809 -1.02451 -1.01608 -1.01269 -1.01334 -1.01642 -1.02009 -1.02277 -1.02357 -1.02256 -1.02067 -1.01921 -1.01916 -1.02055 
-1.06567 -1.06573 -1.0603 -1.04872 -1.03251 -1.01468 -0.998367 -0.985847 -0.978163 -0.975204 -0.975974 -0.978906 -0.982238 -0.984456 -0.984723 -0.983144 -0.980665 -0.978608 -0.977985 -0.978878 
-1.02093 -1.02095 -1.01594 -1.00523 -0.990226 -0.973729 -0.958682 -0.947214 -0.940283 -0.937754 -0.938644 -0.941436 -0.944431 -0.946184 -0.945917 -0.94377 -0.940708 -0.938062 -0.936867 -0.937265 
-0.976225 -0.976194 -0.971604 -0.961772 -0.947972 -0.932809 -0.919031 -0.908616 -0.90244 -0.90034 -0.901353 -0.904006 -0.906667 -0.907957 -0.907158 -0.904446 -0.900803 -0.897569 -0.895805 -0.89571 
-0.931547 -0.931476 -0.927306 -0.918349 -0.905754 -0.891926 -0.879416 -0.870056 -0.864635 -0.862966 -0.864102 -0.866617 -0.868946 -0.869776 -0.868446 -0.865172 -0.860951 -0.857132 -0.8548 -0.854214 
-0.8869 -0.886791 -0.883043 -0.874962 -0.863572 -0.85108 -0.839839 -0.831533 -0.826869 -0.825632 -0.826892 -0.829272 -0.83127 -0.831642 -0.829784 -0.82595 -0.821152 -0.816751 -0.813855 -0.812781 
-0.842286 -0.842141 -0.838817 -0.831613 -0.821429 -0.810273 -0.800302 -0.793051 -0.789143 -0.788339 -0.789725 -0.791972 -0.793641 -0.793557 -0.791174 -0.786781 -0.78141 -0.776429 -0.772971 -0.771411 
-0.797708 -0.797528 -0.794629 -0.788304 -0.779326 -0.769507 -0.760805 -0.754609 -0.75146 -0.751089 -0.752603 -0.754718 -0.75606 -0.755522 -0.752615 -0.747667 -0.741725 -0.736166 -0.732149 -0.730105 
-0.753167 -0.752955 -0.750482 -0.745037 -0.737265 -0.728783 -0.721351 -0.716211 -0.71382 -0.713884 -0.715527 -0.717512 -0.718529 -0.717539 -0.714111 -0.70861 -0.702099 -0.695966 -0.691391 -0.688867 
-0.708665 -0.708422 -0.706377 -0.701812 -0.695247 -0.688102 -0.681941 -0.677857 -0.676225 -0.676726 -0.678498 -0.680355 -0.681048 -0.679609 -0.675663 -0.669611 -0.662533 -0.655828 -0.650699 -0.647696 
-0.664204 -0.663932 -0.662316 -0.658632 -0.653274 -0.647467 -0.642577 -0.63955 -0.638677 -0.639614 -0.641519 -0.643248 -0.643621 -0.641734 -0.637272 -0.630671 -0.62303 -0.615755 -0.610074 -0.606596 
-0.619785 -0.619486 -0.618301 -0.615498 -0.611349 -0.606879 -0.603259 -0.601289 -0.601177 -0.602552 -0.604589 -0.606193 -0.606247 -0.603915 -0.598939 -0.591792 -0.58359 -0.575748 -0.569518 -0.565567 
-0.575411 -0.575086 -0.574333 -0.572413 -0.569472 -0.56634 -0.563991 -0.563078 -0.563726 -0.56554 -0.567712 -0.569192 -0.568929 -0.566155 -0.560667 -0.552977 -0.544216 -0.535809 -0.529032 -0.52461 
-0.531082 -0.530734 -0.530414 -0.529377 -0.527645 -0.525851 -0.524773 -0.524917 -0.526327 -0.528581 -0.530888 -0.532246 -0.531668 -0.528453 -0.522456 -0.514225 -0.504908 -0.49594 -0.488619 -0.483729 
-0.486801 -0.486431 -0.486546 -0.486393 -0.48587 -0.485413 -0.485606 -0.486808 -0.48898 -0.491674 -0.494118 -0.495357 -0.494466 -0.490812 -0.484308 -0.475539 -0.465669 -0.456141 -0.448279 -0.442924 
-0.442569 -0.44218 -0.44273 -0.443462 -0.444148 -0.44503 -0.446493 -0.448752 -0.451687 -0.454823 -0.457405 -0.458525 -0.457323 -0.453234 -0.446226 -0.43692 -0.426499 -0.416415 -0.408015 -0.402197 
-0.398389 -0.397982 -0.398968 -0.400587 -0.402482 -0.404701 -0.407435 -0.410752 -0.414449 -0.418027 -0.420749 -0.421753 -0.420242 -0.415719 -0.408209 -0.398371 -0.387401 -0.376764 -0.367828 -0.361549 
-0.354262 -0.353838 -0.355263 -0.357767 -0.360872 -0.364428 -0.368433 -0.372808 -0.377268 -0.38129 -0.384152 -0.385042 -0.383224 -0.378269 -0.37026 -0.359891 -0.348376 -0.337188 -0.327719 -0.320983 
-0.310189 -0.309751 -0.311615 -0.315007 -0.319321 -0.324214 -0.329489 -0.334922 -0.340146 -0.344612 -0.347616 -0.348393 -0.34627 -0.340886 -0.33238 -0.321483 -0.309426 -0.297689 -0.28769 -0.280499 
-0.266172 -0.265722 -0.268027 -0.272306 -0.277829 -0.28406 -0.290605 -0.297095 -0.303083 -0.307994 -0.311142 -0.311807 -0.309382 -0.303572 -0.294572 -0.283149 -0.270551 -0.258269 -0.247742 -0.240099 
-0.222214 -0.221753 -0.2245 -0.229667 -0.2364 -0.243967 -0.251781 -0.259329 -0.266082 -0.271439 -0.274732 -0.275287 -0.272562 -0.266327 -0.256835 -0.244889 -0.231754 -0.218929 -0.207878 -0.199786 
-0.178316 -0.177846 -0.181036 -0.187091 -0.195033 -0.203937 -0.213021 -0.221626 -0.229143 -0.234947 -0.238386 -0.238833 -0.23581 -0.229153 -0.219172 -0.206706 -0.193036 -0.179672 -0.168099 -0.15956 
-0.134479 -0.134002 -0.137637 -0.14458 -0.153732 -0.163971 -0.174324 -0.183987 -0.192269 -0.19852 -0.202106 -0.202448 -0.199128 -0.192051 -0.181584 -0.168601 -0.154399 -0.140498 -0.128406 -0.119423 
-0.0907055 -0.0902232 -0.0943035 -0.102136 -0.112497 -0.124072 -0.135693 -0.146413 -0.15546 -0.16216 -0.165894 -0.166131 -0.162518 -0.155024 -0.144072 -0.130575 -0.115844 -0.101409 -0.0888011 -0.0793768 
-0.0469971 -0.0465115 -0.0510384 -0.0597606 -0.0713307 -0.0842404 -0.0971294 -0.108907 -0.118719 -0.125867 -0.129752 -0.129886 -0.125981 -0.118072 -0.106639 -0.09263 -0.0773733 -0.0624064 -0.0492856 -0.0394229 
-0.00335555 -0.00286842 -0.00784298 -0.0174552 -0.030234 -0.044478 -0.0586343 -0.0714683 -0.082046 -0.0896437 -0.0936797 -0.0937134 -0.0895182 -0.0811976 -0.0692859 -0.0547673 -0.0389873 -0.0234921 -0.00986118 0.000437165 
0.0402175 0.0407043 0.035281 0.0247785 0.0107913 -0.00478633 -0.0202094 -0.0340997 -0.0454431 -0.0534911 -0.0576796 -0.0576143 -0.0531316 -0.0444012 -0.0320135 -0.0169885 -0.000688049 0.0153325 0.0294707 0.0402018 
0.0837203 0.084205 0.0783318 0.0669388 0.0517436 0.0348329 0.0181438 0.00319742 -0.00891169 -0.0174107 -0.0217529 -0.0215904 -0.0168223 -0.00768473 0.00517637 0.0207049 0.037523 0.0540659 0.0687084 0.0798695 
0.127151 0.127632 0.121308 0.109024 0.0926211 0.0743782 0.0564237 0.0404217 0.0275468 0.0185961 0.0140989 0.0143569 0.0194081 0.0289504 0.0422822 0.0583115 0.0756442 0.0927066 0.10785 0.119439 
0.170508 0.170983 0.164207 0.151032 0.133422 0.113848 0.0946289 0.0775718 0.0639309 0.0545279 0.0498745 0.0502261 0.0555582 0.0655028 0.0793025 0.0958297 0.113674 0.131253 0.146895 0.158908 
0.21379 0.214257 0.207028 0.192962 0.174146 0.153241 0.132758 0.114646 0.100239 0.0903833 0.0855724 0.0860159 0.0916266 0.101971 0.116236 0.133258 0.151611 0.169704 0.185841 0.198275 
0.256995 0.257453 0.24977 0.234812 0.21479 0.192555 0.170809 0.151643 0.13647 0.126161 0.121191 0.121725 0.127612 0.138353 0.153081 0.170595 0.189454 0.208057 0.224687 0.237539 
0.300121 0.300567 0.292429 0.276581 0.255352 0.231789 0.208781 0.188561 0.172623 0.161859 0.15673 0.157351 0.163513 0.174649 0.189836 0.20784 0.227202 0.246312 0.26343 0.276698 
0.343166 0.3436 0.335006 0.318265 0.295832 0.270941 0.246672 0.2254 0.208695 0.197477 0.192186 0.192894 0.199328 0.210856 0.2265 0.24499 0.264852 0.284466 0.302071 0.315751 
0.38613 0.386548 0.377497 0.359865 0.336228 0.31001 0.284481 0.262156 0.244686 0.233012 0.227559 0.228352 0.235055 0.246973 0.263071 0.282044 0.302403 0.322518 0.340606 0.354696 
0.429009 0.42941 0.419902 0.401378 0.376538 0.348994 0.322206 0.29883 0.280594 0.268464 0.262848 0.263724 0.270694 0.282998 0.299547 0.319001 0.339854 0.360468 0.379035 0.393532 
0.471803 0.472185 0.462218 0.442803 0.41676 0.387891 0.359846 0.335419 0.316418 0.303832 0.29805 0.299007 0.306243 0.318931 0.335928 0.35586 0.377203 0.398312 0.417356 0.432257 
0.514509 0.514871 0.504444 0.484138 0.456893 0.426701 0.397399 0.371922 0.352155 0.339113 0.333165 0.334201 0.3417 0.354769 0.372212 0.392619 0.414449 0.43605 0.455568 0.470869 
0.557127 0.557467 0.546579 0.525382 0.496935 0.465422 0.434864 0.408338 0.387806 0.374306 0.368191 0.369305 0.377064 0.390512 0.408398 0.429276 0.451591 0.47368 0.493668 0.509367 
0.599653 0.599969 0.58862 0.566532 0.536885 0.504051 0.472239 0.444665 0.423368 0.40941 0.403127 0.404316 0.412333 0.426158 0.444484 0.46583 0.488626 0.511201 0.531656 0.54775 
0.642088 0.642378 0.630567 0.607587 0.576742 0.542588 0.509523 0.480901 0.45884 0.444424 0.437971 0.439235 0.447507 0.461705 0.480468 0.502279 0.525554 0.548611 0.569531 0.586016 
0.684429 0.684691 0.672416 0.648546 0.616503 0.581031 0.546715 0.517046 0.494221 0.479346 0.472723 0.474058 0.482584 0.497153 0.516349 0.538623 0.562373 0.585909 0.607289 0.624163 
0.726673 0.726906 0.714168 0.689407 0.656167 0.619379 0.583812 0.553098 0.529509 0.514175 0.50738 0.508785 0.517562 0.532499 0.552126 0.574859 0.599081 0.623093 0.644931 0.66219 
0.768821 0.769022 0.755819 0.730168 0.695732 0.657629 0.620814 0.589055 0.564703 0.548909 0.541941 0.543414 0.55244 0.567742 0.587798 0.610987 0.635678 0.660162 0.682454 0.700096 
0.810869 0.811038 0.797369 0.770828 0.735197 0.695781 0.657719 0.624917 0.599801 0.583547 0.576405 0.577945 0.587217 0.602882 0.623362 0.647005 0.672161 0.697114 0.719857 0.737878 
0.852817 0.85295 0.838816 0.811385 0.774561 0.733833 0.694525 0.660681 0.634802 0.618088 0.610771 0.612375 0.621891 0.637916 0.658818 0.682911 0.708529 0.733949 0.757139 0.775536 
0.894663 0.894759 0.880157 0.851838 0.813821 0.771783 0.731231 0.696346 0.669705 0.65253 0.645036 0.646704 0.656462 0.672843 0.694165 0.718704 0.744781 0.770663 0.794298 0.813068 
0.936405 0.936462 0.921393 0.892184 0.852977 0.80963 0.767836 0.731911 0.704508 0.686873 0.679201 0.680929 0.690927 0.707662 0.7294 0.754382 0.780916 0.807257 0.831333 0.850473 
0.97804 0.978057 0.96252 0.932423 0.892026 0.847373 0.804338 0.767374 0.73921 0.721114 0.713263 0.715051 0.725285 0.742372 0.764522 0.789945 0.816931 0.843728 0.868242 1.30688 
1.01957 1.01954 1.00354 0.972553 0.930968 0.88501 0.840736 0.802734 0.77381 0.755252 0.747222 0.749066 0.759535 0.77697 0.79953 0.825391 0.852826 0.880075 1.3186 1.72213 
1.06099 1.06092 1.04444 1.01257 0.9698 0.922539 0.877028 0.83799 0.808306 0.789286 0.781075 0.782975 0.793675 0.811456 0.834423 0.860717 0.888598 1.32358 1.72835 2.05922 
1.1023 1.10218 1.08524 1.05248 1.00852 0.959959 0.913213 0.873141 0.842697 0.823214 0.814821 0.816775 0.827705 0.845829 0.8692 0.895924 1.3251 1.7271 2.06097 2.28875 
1.1435 1.14333 1.12591 1.09227 1.04713 0.997269 0.94929 0.908184 0.876981 0.857036 0.84846 0.850465 0.861622 0.880086 0.903858 1.32552 1.72224 2.05465 2.28746 2.39188 
1.18458 1.18437 1.16648 1.13195 1.08562 1.03447 0.985256 0.943118 0.911157 0.89075 0.88199 0.884045 0.895426 0.914227 1.32676 1.71637 2.04461 2.2777 2.38922 2.3621 
1.22555 1.22528 1.20692 1.17151 1.124 1.07155 1.02111 0.977943 0.945224 0.924354 0.915409 0.917512 0.929115 1.33082 1.71152 2.03365 2.26413 2.37791 2.35984 2.20592 
1.2664 1.26608 1.24725 1.21095 1.16227 1.10852 1.05685 1.01266 0.979181 0.957848 0.948716 0.950865 1.34019 1.70984 2.02385 2.2497 2.36276 2.34898 2.20573 1.94218 
1.30713 1.30676 1.28745 1.25027 1.20041 1.14537 1.09248 1.04726 1.01303 0.991229 0.98191 1.35784 1.7142 2.01751 2.23653 2.34677 2.33429 2.19721 1.94549 1.60027 
1.34774 1.34731 1.32753 1.28947 1.23843 1.18211 1.12799 1.08174 1.04676 1.0245 1.38694 1.72812 2.01779 2.22702 2.33209 2.31874 2.18492 1.94093 1.6081 1.21718 
1.38823 1.38774 1.36749 1.32854 1.27633 1.21872 1.16339 1.11611 1.08037 1.43043 1.75545 2.02869 2.22453 2.32115 2.3045 2.17174 1.93269 1.60868 1.23009 0.833954 
1.4286 1.42805 1.40732 1.36749 1.31411 1.25522 1.19867 1.15037 1.49056 1.79977 2.05459 2.23337 2.31742 2.29398 2.15978 1.9235 1.60569 1.23642 0.851941 0.491608 
1.46884 1.46823 1.44702 1.40632 1.35177 1.29159 1.23382 1.56834 1.86377 2.09957 2.25829 2.32533 2.2906 2.15142 1.91541 1.60167 1.23931 0.864023 0.514132 0.227155 
1.50895 1.50828 1.4866 1.44501 1.3893 1.32784 1.66281 1.94862 2.16671 2.30372 2.34981 2.29878 2.14993 1.91069 1.5986 1.24109 0.8728 0.531353 0.253184 0.0699665 
1.54894 1.5482 1.52604 1.48358 1.4267 1.77016 2.05311 2.25731 2.373 2.39545 2.32338 2.15951 1.91239 1.59861 1.24364 0.880376 0.545388 0.274375 0.0980786 0.0388998 
1.5888 1.58799 1.56536 1.52202 1.88306 2.17259 2.36993 2.46752 2.46569 2.36896 2.18478 1.92434 1.60443 1.24894 0.888551 0.558143 0.292472 0.12163 0.0674236 0.140451 
1.62852 1.62765 1.60454 1.99101 2.29828 2.49927 2.58568 2.56196 2.43893 2.23005 1.95073 1.61945 1.2594 0.89915 0.571342 0.309227 0.14214 0.0914414 0.167629 0.368122 
1.66812 1.66717 2.0826 2.41771 2.63533 2.72172 2.68261 2.53469 2.29856 1.99548 1.6473 1.27786 0.914237 0.586672 0.326307 0.161274 0.112429 0.190123 0.392283 0.703051 
